200020302060309132004240
200020302060309132014601
200022002401370139204960
200120212040307032914691
200123012601379139004940
208022802491379139004940
209123912691370139204960
270027302760379139004940
200020302060309142003250
200020302060309142013701
200020302060309144913970
200022002401370149203970
200120212040307042913791
200120212301332146013721
200120912301339146013791
200123012601379149003950
207120912371339146713791
208022802491379149003950
209123912691370149203970
270027302760379149003950
200020302060409135913970
200120212041406033013701
200022003401280139204960
200022013501289139004940
200120213040208032914691
208022803491289139004940
208022913591280139204960
200022003401280149203970
200022013501289149003950
200120213040208042913791
200120213301232146213701
200120913301239146913701
207120913371239146913771
208022803491289149003950
208022913591280149203970
200120203050309123014601
200120203050309143012801
200120203050309144912980
200120203050409135912980
200120213301432137012821
200120913301439137012891
207120913371439137712891
200020304060220032303270
200020304060220135013900
200020304060229135913970
200020304060290039303970
200022004401290039303970
200120214040209133013701
200120214040209133913791
208022804491290039303970
270027304760290039303970
200020304060320022403270
200020304060320024013701
200020304060320126013900
200020304060327024913791
200020304060329126913970
200020304060390029403970
200022004401390029403970
200120214040309124913791
200123014601372129403970
200123014601379129203950
208022804491390029403970
209123914691370129203950
209123914691377129003930
270027304760390029403970
200020304060320032402280
200020304060320034012801
200020304060327034912891
200020304060390039402980
200022004401390039402980
200120214040309134912891
200120214301332137212801
200120914301339137912801
200123014601372139402980
200123014601379139202960
207120914371339137912871
208022804491390039402980
209123914691370139202960
209123914691377139002940
270027304760390039402980
200030302071209132014601
200032012601289139004940
200133012700289139004940
208032912691280139204960
209133912780280139204960
200030302071209142013701
200032012601289149003950
200130212301242146013721
200130912301249146013791
200133012700289149003950
207130912371249146713791
208032912691280149203970
209133912780280149203970
200130202060309123014601
200130212040307023014601
200030302071309144912980
200130202060309143012801
200130202060309144912980
200130212040307043012801
200130212301342146012821
200130912301349146012891
207130912371349146712891
200130212301442126013900
207130912371449126713970
200030302071409135912980
200130202060409135912980
200030303070220022304260
200030303070220024004601
200030303070228024804691
200030303070290029304960
200030303071209123914691
200130213040208023014601
200133013700290029304960
200133013701282128414960
200133013701282128914940
200133013701287128914920
209133913770290029304960
209133913791280128214940
209133913791280128714920
209133913791285128714900
270037303770290029304960
200030303070220042302280
200030303070220044012900
200030303070228044912980
200030303070290049302980
200030303071209143912891
200130213040208043012801
200133013700290049302980
209133913770290049302980
270037303770290049302980
200030303070420022502280
200030303070420127002900
200030303070429127802980
200030303070490029502980
200030303071409125912891
200133013700490029502980
209133913770490029502980
270037303770490029502980
200032014601282129403970
200032014601289129203950
200130204060228024913791
200130204060230126013900
208032914691280129203950
208032914691287129003930
200032014601282139402980
200032014601289139202960
200130204060228034912891
200130204060229135912980
200130214301242137212801
200130914301249137912801
207130914371249137912871
208032914691280139202960
208032914691287139002940
200130204060329126912980
200130204060330127002900
200130214301342128012821
200130914301349128012891
207130914371349128712891
200040302080220032303270
200040302080220135013900
200040302080229135913970
200040302080290039303970
200042012700290039303970
200140202071209133013701
200140202071209133913791
208042912780290039303970
270047302780290039303970
200040302080320022403270
200040302080320024013701
200040302080320126013900
200040302080327024913791
200040302080329126913970
200040302080390029403970
200042012700390029403970
200140202071309124913791
200140212301352126013900
207140912371359126713970
208042912780390029403970
270047302780390029403970
200040302080320032402280
200040302080320034012801
200040302080327034912891
200040302080390039402980
200042012700390039402980
200140202071309134912891
208042912780390039402980
270047302780390039402980
200042013701282129403970
200042013701289129203950
200140203070228024913791
200140203070230126013900
200143013721280129403970
200143013791280129203950
208042913791280129203950
208042913791287129003930
209143913701289129203950
209143913771289129003930
200042013701282139402980
200042013701289139202960
200140203070228034912891
200140203070229135912980
200140213301252137012821
200140913301259137012891
200143013721280139402980
200143013791280139202960
207140913371259137712891
208042913791280139202960
208042913791287139002940
209143913701289139202960
209143913771289139002940
200140203070329126912980
200140203070330127002900
300020402071209132014601
300022012501280139204960
300120202050208032204260
300120202050208032914691
300124012700289139004940
307022912591289139004940
309124912780280139204960
370127202750278039204960
300020402071209142013701
300022012501280149203970
300120202050208042203270
300120202050208042913791
300120202050208044013900
300120212321240146213701
300120912391240146913701
300124012700289149003950
307022912591289149003950
307120912391247146913771
309124912780280149203970
370127202750278049203970
300020402071309144912980
300120212040307044012900
300120212321340146212801
300120912391340146912801
307120912391347146912871
300120212041406024013701
300120212321440126213900
307120912391447126913970
300020402071409135912980
300120212041406034012801
300020403070220022304260
300020403070220024004601
300020403070228024804691
300020403070290029304960
300020403071209123914691
300022013501290029304960
300120203050209123914691
300124013700290029304960
300124013701282128414960
300124013701282128914940
300124013701287128914920
307022913591290029304960
309124913770290029304960
309124913791280128214940
309124913791280128714920
309124913791285128714900
370027403770290029304960
300020403070220042302280
300020403070220044012900
300020403070228044912980
300020403070290049302980
300020403071209143912891
300022013221250146212801
300022013501290049302980
300120203050209143912891
300120203050209144012900
300120213040208044012900
300124013700290049302980
307022713291257146912871
307022913591290049302980
309124913770290049302980
370027403770290049302980
300020403070420022502280
300020403070420127002900
300020403070429127802980
300020403070490029502980
300020403071409125912891
300022013501490029502980
300120203050409125912891
300124013700490029502980
307022913591490029502980
309124913770490029502980
370027403770490029502980
300120214040209124013701
300022014221250137212801
300120214040209134012801
300120214321240137012821
300120914391240137012891
307022714291257137912871
307120914391247137712891
300120214321340128012821
300120914391340128012891
307120914391347128712891
300030402080220022304260
300030402080220024004601
300030402080228024804691
300030402080290029304960
300032012601290029304960
300130202060209123914691
300134012801282128414960
300134012801282128914940
300134012801287128914920
307032912691290029304960
309134912801282128914940
309134912801287128914920
309134912851287128914900
370037402780290029304960
300030402080220042302280
300030402080220044012900
300030402080228044912980
300030402080290049302980
300032012221252146012821
300032012601290049302980
300130202060209143912891
300130202060209144012900
307032712291259146712891
307032912691290049302980
370037402780290049302980
300030402080420022502280
300030402080420127002900
300030402080429127802980
300030402080490029502980
300032012601490029502980
300130202060409125912891
307032912691490029502980
370037402780490029502980
300032014601292029502980
300130204060222022502280
300130204060229125912891
300130204060240127002900
307032914691290029302960
370137204760292029502980
300040402091220024013701
300040402091239126913970
300140202071209124013701
300144012871289129003930
309144912801282129403970
300040402091220034012801
300040402091220135012900
300042012221252137012821
300140202071209134012801
300140212401252137012821
300140912401259137012891
300144012871289139002940
307042712291259137712891
307140912471259137712891
309144912801282139402980
300040402091320126012900
300040402091339127802980
300040403091220022302260
300040403091220125012801
300040403091249127802980
300042013701292029502980
300140203070222022502280
300140203070229125912891
300140203070240127002900
300140213401252128012821
300140913401259128012891
300144013791290029302960
307042913791290029302960
307140913471259128712891
309144913701292029502980
370047403791290029302960
370147203770292029502980
400020502080220032303270
400020502080220135013900
400020502080229135913970
400020502080290039303970
400020512071209133913791
400120202050208035013900
400125002700290039303970
409125802780290039303970
470027502780290039303970
400020502080320022403270
400020502080320024013701
400020502080320126013900
400020502080327024913791
400020502080329126913970
400020502080390029403970
400020512071309124913791
400120212321350126213900
400125002700390029403970
407120912391357126913970
409125802780390029403970
470027502780390029403970
400020502080320032402280
400020502080320034012801
400020502080327034912891
400020502080390039402980
400020512071309134912891
400120212040307035012900
400125002700390039402980
409125802780390039402980
470027502780390039402980
400125013721280129403970
400125013791280129203950
409125913701289129203950
409125913771289129003930
400120203050209135012900
400120213040208035012900
400120213321250137212801
400120913391250137912801
400125013721280139402980
400125013791280139202960
407120913391257137912871
409125913701289139202960
409125913771289139002940
400120203050309125012801
400030502091220024013701
400030502091239126913970
400135012871289129003930
409135912801282129403970
400030502091220034012801
400030502091220135012900
400130202060209135012900
400130212421250137212801
400130912491250137912801
400135012871289139002940
407130912491257137912871
409135912801282139402980
400030502091320126012900
400030502091339127802980
400130202060309125012801
400130212040307025012801
400030503091220022302260
400030503091220125012801
400030503091249127802980
400130213040208025012801
400130213421250128012821
400130913491250128012891
400135013791290029302960
407130913491257128712891
409135913701292029502980
470037503791290029302960
